id,type,parent_id,schema,name,parent_name,datatype,constraints,text_sequence,label_linkability,OC-ORACLE,OC-MYSQL,OC-SAP,OC-ORACLE_agree,OC-MYSQL_agree,OC-SAP_agree,overall_agreement,predict_linkability,confusion,v
entity_44,table,entity_43,OC-ORACLE,CUSTOMERS,,,,"CUSTOMERS [CUSTOMER_ID, EMAIL_ADDRESS, FULL_NAME]",True,5.330851e-06,0.0003645978,0.00042501895,1,0,0,1,False,FN,99
entity_45,attribute,entity_44,OC-ORACLE,CUSTOMER_ID,CUSTOMERS,NUMBER,PRIMARY KEY,CUSTOMER_ID CUSTOMERS NUMBER PRIMARY KEY,True,1.2407906e-05,0.00015696621,0.00014373724,1,0,0,1,False,FN,99
entity_46,attribute,entity_44,OC-ORACLE,EMAIL_ADDRESS,CUSTOMERS,VARCHAR2,,EMAIL_ADDRESS CUSTOMERS VARCHAR2,True,1.5122752e-06,0.00021344057,0.00045422345,1,0,0,1,False,FN,99
entity_47,attribute,entity_44,OC-ORACLE,FULL_NAME,CUSTOMERS,VARCHAR2,,FULL_NAME CUSTOMERS VARCHAR2,True,1.102495e-06,0.00025819504,0.00038297052,1,0,0,1,False,FN,99
entity_48,table,entity_43,OC-ORACLE,INVENTORY,,,,"INVENTORY [INVENTORY_ID, STORE_ID, PRODUCT_ID, PRODUCT_INVENTORY]",True,1.2825959e-05,0.00051410944,0.00058138254,1,0,0,1,False,FN,99
entity_49,attribute,entity_48,OC-ORACLE,INVENTORY_ID,INVENTORY,NUMBER,PRIMARY KEY,INVENTORY_ID INVENTORY NUMBER PRIMARY KEY,False,8.660358e-06,0.0003701245,0.00043479903,1,0,0,1,False,TN,99
entity_50,attribute,entity_48,OC-ORACLE,STORE_ID,INVENTORY,NUMBER,FOREIGN KEY,STORE_ID INVENTORY NUMBER FOREIGN KEY,False,1.006432e-05,0.000527644,0.0005206815,1,0,0,1,False,TN,99
entity_51,attribute,entity_48,OC-ORACLE,PRODUCT_ID,INVENTORY,NUMBER,FOREIGN KEY,PRODUCT_ID INVENTORY NUMBER FOREIGN KEY,True,1.0972809e-05,0.0002945855,0.00028742716,1,0,0,1,False,FN,99
entity_52,attribute,entity_48,OC-ORACLE,PRODUCT_INVENTORY,INVENTORY,NUMBER,,PRODUCT_INVENTORY INVENTORY NUMBER,True,4.3117457e-06,0.00036194726,0.00039444808,1,0,0,1,False,FN,99
entity_53,table,entity_43,OC-ORACLE,ORDER_ITEMS,,,,"ORDER_ITEMS [ORDER_ID, LINE_ITEM_ID, PRODUCT_ID, UNIT_PRICE, QUANTITY, SHIPMENT_ID]",True,6.4699475e-06,0.0003612764,0.00033011663,1,0,0,1,False,FN,99
entity_54,attribute,entity_53,OC-ORACLE,ORDER_ID,ORDER_ITEMS,NUMBER,PRIMARY KEY,ORDER_ID ORDER_ITEMS NUMBER PRIMARY KEY,True,1.9767045e-05,0.0002619959,0.00027321195,1,0,0,1,False,FN,99
entity_55,attribute,entity_53,OC-ORACLE,LINE_ITEM_ID,ORDER_ITEMS,NUMBER,PRIMARY KEY,LINE_ITEM_ID ORDER_ITEMS NUMBER PRIMARY KEY,True,6.5000386e-06,0.0003395149,0.00028602645,1,0,0,1,False,FN,99
entity_56,attribute,entity_53,OC-ORACLE,PRODUCT_ID,ORDER_ITEMS,NUMBER,FOREIGN KEY,PRODUCT_ID ORDER_ITEMS NUMBER FOREIGN KEY,True,1.252216e-05,0.0002615161,0.00019407384,1,0,0,1,False,FN,99
entity_57,attribute,entity_53,OC-ORACLE,UNIT_PRICE,ORDER_ITEMS,FLOAT,,UNIT_PRICE ORDER_ITEMS FLOAT,True,2.1161462e-05,0.00039894393,0.00038897083,0,0,0,0,False,FN,99
entity_58,attribute,entity_53,OC-ORACLE,QUANTITY,ORDER_ITEMS,NUMBER,,QUANTITY ORDER_ITEMS NUMBER,True,4.0548125e-06,0.00028980855,0.00029902716,1,0,0,1,False,FN,99
entity_59,attribute,entity_53,OC-ORACLE,SHIPMENT_ID,ORDER_ITEMS,FLOAT,FOREIGN KEY,SHIPMENT_ID ORDER_ITEMS FLOAT FOREIGN KEY,False,1.1742285e-05,0.00042269996,0.00033937977,1,0,0,1,False,TN,99
entity_60,table,entity_43,OC-ORACLE,ORDERS,,,,"ORDERS [ORDER_ID, ORDER_DATETIME, CUSTOMER_ID, ORDER_STATUS, STORE_ID]",True,2.7789026e-06,0.000269528,0.0003833708,1,0,0,1,False,FN,99
entity_61,attribute,entity_60,OC-ORACLE,ORDER_ID,ORDERS,NUMBER,PRIMARY KEY,ORDER_ID ORDERS NUMBER PRIMARY KEY,True,7.896888e-06,0.00012589194,0.00016931741,1,0,0,1,False,FN,99
entity_62,attribute,entity_60,OC-ORACLE,ORDER_DATETIME,ORDERS,DATE,,ORDER_DATETIME ORDERS DATE,True,1.501356e-07,0.00030745557,0.0008579681,1,0,0,1,False,FN,99
entity_63,attribute,entity_60,OC-ORACLE,CUSTOMER_ID,ORDERS,NUMBER,FOREIGN KEY,CUSTOMER_ID ORDERS NUMBER FOREIGN KEY,True,1.0853225e-05,0.00011120592,7.282224e-05,1,0,0,1,False,FN,99
entity_64,attribute,entity_60,OC-ORACLE,ORDER_STATUS,ORDERS,VARCHAR2,,ORDER_STATUS ORDERS VARCHAR2,True,1.4673086e-05,0.00012662921,0.00048028666,1,0,0,1,False,FN,99
entity_65,attribute,entity_60,OC-ORACLE,STORE_ID,ORDERS,NUMBER,FOREIGN KEY,STORE_ID ORDERS NUMBER FOREIGN KEY,False,1.3066264e-05,0.00037935388,0.00038681095,1,0,0,1,False,TN,99
entity_66,table,entity_43,OC-ORACLE,PRODUCTS,,,,"PRODUCTS [PRODUCT_ID, PRODUCT_NAME, UNIT_PRICE, PRODUCT_DETAILS, PRODUCT_IMAGE, IMAGE_MIME_TYPE, IMAGE_FILENAME, IMAGE_CHARSET, IMAGE_LAST_UPDATED]",True,3.2652267e-06,0.00034571136,0.00047862218,1,0,0,1,False,FN,99
entity_67,attribute,entity_66,OC-ORACLE,PRODUCT_ID,PRODUCTS,NUMBER,PRIMARY KEY,PRODUCT_ID PRODUCTS NUMBER PRIMARY KEY,True,1.5264108e-05,0.00019055959,0.00011576109,1,0,0,1,False,FN,99
entity_68,attribute,entity_66,OC-ORACLE,PRODUCT_NAME,PRODUCTS,VARCHAR2,,PRODUCT_NAME PRODUCTS VARCHAR2,True,9.505152e-06,7.2318064e-05,0.000107308995,1,0,0,1,False,FN,99
entity_69,attribute,entity_66,OC-ORACLE,UNIT_PRICE,PRODUCTS,FLOAT,,UNIT_PRICE PRODUCTS FLOAT,True,1.5270527e-05,0.00043212145,0.00040676954,1,0,0,1,False,FN,99
entity_70,attribute,entity_66,OC-ORACLE,PRODUCT_DETAILS,PRODUCTS,BLOB,,PRODUCT_DETAILS PRODUCTS BLOB,True,3.077695e-07,0.00055525964,0.0008064066,1,0,0,1,False,FN,99
entity_71,attribute,entity_66,OC-ORACLE,PRODUCT_IMAGE,PRODUCTS,BLOB,,PRODUCT_IMAGE PRODUCTS BLOB,True,4.811615e-06,0.00040303776,0.00100258,1,0,0,1,False,FN,99
entity_72,attribute,entity_66,OC-ORACLE,IMAGE_MIME_TYPE,PRODUCTS,BLOB,,IMAGE_MIME_TYPE PRODUCTS BLOB,False,1.3018024e-05,0.0006034436,0.0012241829,1,0,0,1,False,TN,99
entity_73,attribute,entity_66,OC-ORACLE,IMAGE_FILENAME,PRODUCTS,BLOB,,IMAGE_FILENAME PRODUCTS BLOB,False,1.5880614e-05,0.00047546238,0.00094652286,1,0,0,1,False,TN,99
entity_74,attribute,entity_66,OC-ORACLE,IMAGE_CHARSET,PRODUCTS,BLOB,,IMAGE_CHARSET PRODUCTS BLOB,False,6.3422103e-06,0.0006184929,0.001222462,1,0,0,1,False,TN,99
entity_75,attribute,entity_66,OC-ORACLE,IMAGE_LAST_UPDATED,PRODUCTS,DATE,,IMAGE_LAST_UPDATED PRODUCTS DATE,False,2.0305213e-06,0.0006359689,0.001190674,1,0,0,1,False,TN,99
entity_76,table,entity_43,OC-ORACLE,SHIPMENTS,,,,"SHIPMENTS [SHIPMENT_ID, STORE_ID, CUSTOMER_ID, DELIVERY_ADDRESS, SHIPMENT_STATUS]",True,2.0188714e-05,0.0005066755,0.00042709368,1,0,0,1,False,FN,99
entity_77,attribute,entity_76,OC-ORACLE,SHIPMENT_ID,SHIPMENTS,NUMBER,PRIMARY KEY,SHIPMENT_ID SHIPMENTS NUMBER PRIMARY KEY,False,1.0857303e-05,0.00042937882,0.00034204454,1,0,0,1,False,TN,99
entity_78,attribute,entity_76,OC-ORACLE,STORE_ID,SHIPMENTS,NUMBER,FOREIGN KEY,STORE_ID SHIPMENTS NUMBER FOREIGN KEY,False,1.5299198e-05,0.0004975143,0.00038389067,1,0,0,1,False,TN,99
entity_79,attribute,entity_76,OC-ORACLE,CUSTOMER_ID,SHIPMENTS,NUMBER,FOREIGN KEY,CUSTOMER_ID SHIPMENTS NUMBER FOREIGN KEY,True,1.3077791e-05,0.0002647759,0.00015978552,1,0,0,1,False,FN,99
entity_80,attribute,entity_76,OC-ORACLE,DELIVERY_ADDRESS,SHIPMENTS,VARCHAR2,,DELIVERY_ADDRESS SHIPMENTS VARCHAR2,True,2.3336886e-06,0.00033546716,0.00040906007,1,0,0,1,False,FN,99
entity_81,attribute,entity_76,OC-ORACLE,SHIPMENT_STATUS,SHIPMENTS,VARCHAR2,,SHIPMENT_STATUS SHIPMENTS VARCHAR2,False,1.8889874e-05,0.00038055514,0.0005706871,1,0,0,1,False,TN,99
entity_82,table,entity_43,OC-ORACLE,STORES,,,,"STORES [STORE_ID, STORE_NAME, WEB_ADDRESS, PHYSICAL_ADDRESS, LATITUDE, LONGITUDE, LOGO, LOGO_MIME_TYPE, LOGO_FILENAME, LOGO_CHARSET, LOGO_LAST_UPDATED]",False,2.3208497e-06,0.00065200374,0.0007497246,1,0,0,1,False,TN,99
entity_83,attribute,entity_82,OC-ORACLE,STORE_ID,STORES,NUMBER,PRIMARY KEY,STORE_ID STORES NUMBER PRIMARY KEY,False,1.8988123e-05,0.0006126386,0.00059055147,1,0,0,1,False,TN,99
entity_84,attribute,entity_82,OC-ORACLE,STORE_NAME,STORES,VARCHAR2,,STORE_NAME STORES VARCHAR2,False,1.9647827e-05,0.0005834101,0.0006229631,1,0,0,1,False,TN,99
entity_85,attribute,entity_82,OC-ORACLE,WEB_ADDRESS,STORES,VARCHAR2,,WEB_ADDRESS STORES VARCHAR2,False,4.7941484e-07,0.00053843483,0.00076046045,1,0,0,1,False,TN,99
entity_86,attribute,entity_82,OC-ORACLE,PHYSICAL_ADDRESS,STORES,VARCHAR2,,PHYSICAL_ADDRESS STORES VARCHAR2,False,4.276817e-07,0.0005982001,0.00067554106,1,0,0,1,False,TN,99
entity_87,attribute,entity_82,OC-ORACLE,LATITUDE,STORES,FLOAT,,LATITUDE STORES FLOAT,False,6.764555e-07,0.00079045625,0.00091494806,1,0,0,1,False,TN,99
entity_88,attribute,entity_82,OC-ORACLE,LONGITUDE,STORES,FLOAT,,LONGITUDE STORES FLOAT,False,9.0333634e-07,0.00084815704,0.00092516374,1,0,0,1,False,TN,99
entity_89,attribute,entity_82,OC-ORACLE,LOGO,STORES,BLOB,,LOGO STORES BLOB,False,5.5459105e-07,0.00077756913,0.0014707977,1,0,0,1,False,TN,99
entity_90,attribute,entity_82,OC-ORACLE,LOGO_MIME_TYPE,STORES,VARCHAR2,,LOGO_MIME_TYPE STORES VARCHAR2,False,1.1051216e-05,0.00085331686,0.001100142,1,0,0,1,False,TN,99
entity_91,attribute,entity_82,OC-ORACLE,LOGO_FILENAME,STORES,VARCHAR2,,LOGO_FILENAME STORES VARCHAR2,False,1.0998066e-05,0.0007953145,0.00090341107,1,0,0,1,False,TN,99
entity_92,attribute,entity_82,OC-ORACLE,LOGO_CHARSET,STORES,VARCHAR2,,LOGO_CHARSET STORES VARCHAR2,False,1.326198e-05,0.0008909491,0.001023935,1,0,0,1,False,TN,99
entity_93,attribute,entity_82,OC-ORACLE,LOGO_LAST_UPDATED,STORES,DATE,,LOGO_LAST_UPDATED STORES DATE,False,2.9346913e-06,0.0007587943,0.0012256649,1,0,0,1,False,TN,99
entity_95,table,entity_94,OC-MYSQL,CUSTOMERS,,,,"CUSTOMERS [CUSTOMERNUMBER, CUSTOMERNAME, CONTACTLASTNAME, CONTACTFIRSTNAME, PHONE, ADDRESSLINE1, ADDRESSLINE2, CITY, STATE, POSTALCODE, COUNTRY, SALESREPEMPLOYEENUMBER, CREDITLIMIT]",True,0.00040891915,2.093033e-05,0.00030162258,0,1,0,1,False,FN,99
entity_96,attribute,entity_95,OC-MYSQL,CUSTOMERNUMBER,CUSTOMERS,NUMBER,PRIMARY KEY,CUSTOMERNUMBER CUSTOMERS NUMBER PRIMARY KEY,True,0.00011985228,1.8406061e-05,0.00011126674,0,1,0,1,False,FN,99
entity_97,attribute,entity_95,OC-MYSQL,CUSTOMERNAME,CUSTOMERS,VARCHAR2,,CUSTOMERNAME CUSTOMERS VARCHAR2,True,0.00014894705,1.2615707e-05,0.00014243908,0,1,0,1,False,FN,99
entity_98,attribute,entity_95,OC-MYSQL,CONTACTLASTNAME,CUSTOMERS,VARCHAR2,,CONTACTLASTNAME CUSTOMERS VARCHAR2,True,0.00038035595,5.161762e-06,0.0005160813,0,1,0,1,False,FN,99
entity_99,attribute,entity_95,OC-MYSQL,CONTACTFIRSTNAME,CUSTOMERS,VARCHAR2,,CONTACTFIRSTNAME CUSTOMERS VARCHAR2,True,0.00036557086,9.862323e-06,0.00043866018,0,1,0,1,False,FN,99
entity_100,attribute,entity_95,OC-MYSQL,PHONE,CUSTOMERS,VARCHAR2,,PHONE CUSTOMERS VARCHAR2,True,0.00048458236,1.4109025e-05,0.00043293947,0,1,0,1,False,FN,99
entity_101,attribute,entity_95,OC-MYSQL,ADDRESSLINE1,CUSTOMERS,VARCHAR2,,ADDRESSLINE1 CUSTOMERS VARCHAR2,True,0.00038019862,1.0582553e-05,0.0004262739,0,1,0,1,False,FN,99
entity_102,attribute,entity_95,OC-MYSQL,ADDRESSLINE2,CUSTOMERS,VARCHAR2,,ADDRESSLINE2 CUSTOMERS VARCHAR2,True,0.00033381023,9.037976e-06,0.00037620167,0,1,0,1,False,FN,99
entity_103,attribute,entity_95,OC-MYSQL,CITY,CUSTOMERS,VARCHAR2,,CITY CUSTOMERS VARCHAR2,True,0.00046453098,8.6696355e-06,0.00014055212,0,1,0,1,False,FN,99
entity_104,attribute,entity_95,OC-MYSQL,STATE,CUSTOMERS,VARCHAR2,,STATE CUSTOMERS VARCHAR2,True,0.00031112324,1.03627635e-05,0.0003100708,0,1,0,1,False,FN,99
entity_105,attribute,entity_95,OC-MYSQL,POSTALCODE,CUSTOMERS,VARCHAR2,,POSTALCODE CUSTOMERS VARCHAR2,True,0.00035407275,7.904746e-06,0.00039571562,0,1,0,1,False,FN,99
entity_106,attribute,entity_95,OC-MYSQL,COUNTRY,CUSTOMERS,VARCHAR2,,COUNTRY CUSTOMERS VARCHAR2,True,0.00045239253,1.0617111e-05,0.00011513694,0,1,0,1,False,FN,99
entity_107,attribute,entity_95,OC-MYSQL,SALESREPEMPLOYEENUMBER,CUSTOMERS,NUMBER,,SALESREPEMPLOYEENUMBER CUSTOMERS NUMBER,False,0.0005890428,6.6913464e-07,0.00051376293,0,1,0,1,False,TN,99
entity_108,attribute,entity_95,OC-MYSQL,CREDITLIMIT,CUSTOMERS,FLOAT,,CREDITLIMIT CUSTOMERS FLOAT,False,0.00081085187,2.4433962e-07,0.00060137286,0,1,0,1,False,TN,99
entity_109,table,entity_94,OC-MYSQL,EMPLOYEES,,,,"EMPLOYEES [EMPLOYEENUMBER, LASTNAME, FIRSTNAME, EXTENSION, EMAIL, OFFICECODE, REPORTSTO, JOBTITLE]",False,0.0006751646,1.996459e-05,0.00039519664,0,1,0,1,False,TN,99
entity_110,attribute,entity_109,OC-MYSQL,EMPLOYEENUMBER,EMPLOYEES,NUMBER,PRIMARY KEY,EMPLOYEENUMBER EMPLOYEES NUMBER PRIMARY KEY,False,0.0005706588,1.3200974e-05,0.00018775726,0,1,0,1,False,TN,99
entity_111,attribute,entity_109,OC-MYSQL,LASTNAME,EMPLOYEES,VARCHAR2,,LASTNAME EMPLOYEES VARCHAR2,False,0.0005726683,8.955291e-06,0.00033251088,0,1,0,1,False,TN,99
entity_112,attribute,entity_109,OC-MYSQL,FIRSTNAME,EMPLOYEES,VARCHAR2,,FIRSTNAME EMPLOYEES VARCHAR2,False,0.000601215,1.6502076e-05,0.00035618735,0,1,0,1,False,TN,99
entity_113,attribute,entity_109,OC-MYSQL,EXTENSION,EMPLOYEES,VARCHAR2,,EXTENSION EMPLOYEES VARCHAR2,False,0.00073303346,1.0103519e-06,0.00042481394,0,1,0,1,False,TN,99
entity_114,attribute,entity_109,OC-MYSQL,EMAIL,EMPLOYEES,VARCHAR2,,EMAIL EMPLOYEES VARCHAR2,False,0.0005824676,3.4583854e-07,0.0005709022,0,1,0,1,False,TN,99
entity_115,attribute,entity_109,OC-MYSQL,OFFICECODE,EMPLOYEES,NUMBER,FOREIGN KEY,OFFICECODE EMPLOYEES NUMBER FOREIGN KEY,False,0.0007293883,7.6163174e-06,0.00038372027,0,1,0,1,False,TN,99
entity_116,attribute,entity_109,OC-MYSQL,REPORTSTO,EMPLOYEES,NUMBER,,REPORTSTO EMPLOYEES NUMBER,False,0.0009893619,2.0202522e-06,0.0007904018,0,1,0,1,False,TN,99
entity_117,attribute,entity_109,OC-MYSQL,JOBTITLE,EMPLOYEES,VARCHAR2,,JOBTITLE EMPLOYEES VARCHAR2,False,0.00078829756,1.6235985e-06,0.0003659313,0,1,0,1,False,TN,99
entity_118,table,entity_94,OC-MYSQL,OFFICES,,,,"OFFICES [OFFICECODE, CITY, PHONE, ADDRESSLINE1, ADDRESSLINE2, STATE, COUNTRY, POSTALCODE, TERRITORY]",False,0.000564897,1.3656039e-06,0.0005726404,0,1,0,1,False,TN,99
entity_119,attribute,entity_118,OC-MYSQL,OFFICECODE,OFFICES,NUMBER,PRIMARY KEY,OFFICECODE OFFICES NUMBER PRIMARY KEY,False,0.00058578065,1.4603839e-05,0.0005992048,0,1,0,1,False,TN,99
entity_120,attribute,entity_118,OC-MYSQL,CITY,OFFICES,VARCHAR2,,CITY OFFICES VARCHAR2,False,0.0006323912,1.1252135e-05,0.00038391227,0,1,0,1,False,TN,99
entity_121,attribute,entity_118,OC-MYSQL,PHONE,OFFICES,VARCHAR2,,PHONE OFFICES VARCHAR2,False,0.00061377557,1.7808725e-05,0.0006489117,0,1,0,1,False,TN,99
entity_122,attribute,entity_118,OC-MYSQL,ADDRESSLINE1,OFFICES,VARCHAR2,,ADDRESSLINE1 OFFICES VARCHAR2,False,0.00055548595,1.07887245e-05,0.0006289859,0,1,0,1,False,TN,99
entity_123,attribute,entity_118,OC-MYSQL,ADDRESSLINE2,OFFICES,VARCHAR2,,ADDRESSLINE2 OFFICES VARCHAR2,False,0.0004775501,9.563431e-06,0.0005840703,0,1,0,1,False,TN,99
entity_124,attribute,entity_118,OC-MYSQL,STATE,OFFICES,VARCHAR2,,STATE OFFICES VARCHAR2,False,0.0006755758,8.184131e-06,0.0005918175,0,1,0,1,False,TN,99
entity_125,attribute,entity_118,OC-MYSQL,COUNTRY,OFFICES,VARCHAR2,,COUNTRY OFFICES VARCHAR2,False,0.0006135202,1.19114375e-05,0.00035153693,0,1,0,1,False,TN,99
entity_126,attribute,entity_118,OC-MYSQL,POSTALCODE,OFFICES,VARCHAR2,,POSTALCODE OFFICES VARCHAR2,False,0.00048592212,9.116738e-06,0.0005937382,0,1,0,1,False,TN,99
entity_127,attribute,entity_118,OC-MYSQL,TERRITORY,OFFICES,VARCHAR2,,TERRITORY OFFICES VARCHAR2,False,0.0006235622,8.400946e-07,0.00038870578,0,1,0,1,False,TN,99
entity_128,table,entity_94,OC-MYSQL,ORDERDETAILS,,,,"ORDERDETAILS [ORDERNUMBER, PRODUCTCODE, QUANTITYORDERED, PRICEEACH, ORDERLINENUMBER]",True,0.00046558646,1.0310677e-05,0.000375089,0,1,0,1,False,FN,99
entity_129,attribute,entity_128,OC-MYSQL,ORDERNUMBER,ORDERDETAILS,NUMBER,PRIMARY KEY,ORDERNUMBER ORDERDETAILS NUMBER PRIMARY KEY,True,0.00018276759,1.6796643e-05,0.0002287767,0,1,0,1,False,FN,99
entity_130,attribute,entity_128,OC-MYSQL,PRODUCTCODE,ORDERDETAILS,VARCHAR2,PRIMARY KEY,PRODUCTCODE ORDERDETAILS VARCHAR2 PRIMARY KEY,True,0.0002641224,1.3656158e-05,0.00023448402,0,1,0,1,False,FN,99
entity_131,attribute,entity_128,OC-MYSQL,QUANTITYORDERED,ORDERDETAILS,NUMBER,,QUANTITYORDERED ORDERDETAILS NUMBER,True,0.00030691127,6.3783996e-06,0.0002782086,0,1,0,1,False,FN,99
entity_132,attribute,entity_128,OC-MYSQL,PRICEEACH,ORDERDETAILS,FLOAT,,PRICEEACH ORDERDETAILS FLOAT,True,0.00050122244,3.0178387e-07,0.00043876775,0,1,0,1,False,FN,99
entity_133,attribute,entity_128,OC-MYSQL,ORDERLINENUMBER,ORDERDETAILS,NUMBER,,ORDERLINENUMBER ORDERDETAILS NUMBER,True,0.0004179669,5.496679e-06,0.00038579266,0,1,0,1,False,FN,99
entity_134,table,entity_94,OC-MYSQL,ORDERS,,,,"ORDERS [ORDERNUMBER, ORDERDATE, REQUIREDDATE, SHIPPEDDATE, STATUS, COMMENTS, CUSTOMERNUMBER]",True,0.00032669504,4.7009476e-06,0.0004015343,0,1,0,1,False,FN,99
entity_135,attribute,entity_134,OC-MYSQL,ORDERNUMBER,ORDERS,NUMBER,PRIMARY KEY,ORDERNUMBER ORDERS NUMBER PRIMARY KEY,True,0.00011771925,1.2772855e-05,0.00020345605,0,1,0,1,False,FN,99
entity_136,attribute,entity_134,OC-MYSQL,ORDERDATE,ORDERS,DATE,,ORDERDATE ORDERS DATE,True,0.0003250666,1.5810256e-05,0.0010161692,0,1,0,1,False,FN,99
entity_137,attribute,entity_134,OC-MYSQL,REQUIREDDATE,ORDERS,DATE,,REQUIREDDATE ORDERS DATE,False,0.00066211703,3.3565075e-07,0.00094413833,0,1,0,1,False,TN,99
entity_138,attribute,entity_134,OC-MYSQL,SHIPPEDDATE,ORDERS,DATE,,SHIPPEDDATE ORDERS DATE,False,0.00052948896,1.7116184e-06,0.0010119118,0,1,0,1,False,TN,99
entity_139,attribute,entity_134,OC-MYSQL,STATUS,ORDERS,VARCHAR2,,STATUS ORDERS VARCHAR2,True,0.00018421777,1.7314965e-06,0.0006902505,0,1,0,1,False,FN,99
entity_140,attribute,entity_134,OC-MYSQL,COMMENTS,ORDERS,VARCHAR2,,COMMENTS ORDERS VARCHAR2,False,0.0007053187,9.556011e-07,0.00083927787,0,1,0,1,False,TN,99
entity_141,attribute,entity_134,OC-MYSQL,CUSTOMERNUMBER,ORDERS,NUMBER,FOREIGN KEY,CUSTOMERNUMBER ORDERS NUMBER FOREIGN KEY,True,0.00011427308,1.3037749e-05,9.950474e-05,0,1,0,1,False,FN,99
entity_142,table,entity_94,OC-MYSQL,PAYMENTS,,,,"PAYMENTS [CUSTOMERNUMBER, CHECKNUMBER, PAYMENTDATE, AMOUNT]",False,0.00070571114,1.4297632e-05,0.00071864034,0,1,0,1,False,TN,99
entity_143,attribute,entity_142,OC-MYSQL,CUSTOMERNUMBER,PAYMENTS,NUMBER,PRIMARY KEY,CUSTOMERNUMBER PAYMENTS NUMBER PRIMARY KEY,False,0.00036186876,2.4576517e-05,0.0003099053,0,0,0,0,False,TN,99
entity_144,attribute,entity_142,OC-MYSQL,CHECKNUMBER,PAYMENTS,VARCHAR2,PRIMARY KEY,CHECKNUMBER PAYMENTS VARCHAR2 PRIMARY KEY,False,0.0005709806,2.60224e-06,0.0006410848,0,1,0,1,False,TN,99
entity_145,attribute,entity_142,OC-MYSQL,PAYMENTDATE,PAYMENTS,DATE,,PAYMENTDATE PAYMENTS DATE,False,0.0007725864,8.822871e-06,0.0013315539,0,1,0,1,False,TN,99
entity_146,attribute,entity_142,OC-MYSQL,AMOUNT,PAYMENTS,FLOAT,,AMOUNT PAYMENTS FLOAT,False,0.00081890356,3.644201e-07,0.00078494335,0,1,0,1,False,TN,99
entity_147,table,entity_94,OC-MYSQL,PRODUCTLINES,,,,"PRODUCTLINES [PRODUCTLINE, TEXTDESCRIPTION, HTMLDESCRIPTION, IMAGE]",True,0.0007767423,1.0385171e-06,0.00054377347,0,1,0,1,False,FN,99
entity_148,attribute,entity_147,OC-MYSQL,PRODUCTLINE,PRODUCTLINES,VARCHAR2,PRIMARY KEY,PRODUCTLINE PRODUCTLINES VARCHAR2 PRIMARY KEY,True,0.000301245,1.7451632e-05,0.00023421778,0,1,0,1,False,FN,99
entity_149,attribute,entity_147,OC-MYSQL,TEXTDESCRIPTION,PRODUCTLINES,VARCHAR2,,TEXTDESCRIPTION PRODUCTLINES VARCHAR2,True,0.00055808364,5.9527433e-06,0.00023138268,0,1,0,1,False,FN,99
entity_150,attribute,entity_147,OC-MYSQL,HTMLDESCRIPTION,PRODUCTLINES,VARCHAR2,,HTMLDESCRIPTION PRODUCTLINES VARCHAR2,False,0.0006422395,2.3616983e-06,0.00037957696,0,1,0,1,False,TN,99
entity_151,attribute,entity_147,OC-MYSQL,IMAGE,PRODUCTLINES,BLOB,,IMAGE PRODUCTLINES BLOB,True,0.0004930068,1.05872004e-07,0.00095667294,0,1,0,1,False,FN,99
entity_152,table,entity_94,OC-MYSQL,PRODUCTS,,,,"PRODUCTS [PRODUCTCODE, PRODUCTNAME, PRODUCTLINE, PRODUCTSCALE, PRODUCTVENDOR, PRODUCTDESCRIPTION, QUANTITYINSTOCK, BUYPRICE, MSRP]",True,0.00031567065,1.1596528e-05,0.00019036491,0,1,0,1,False,FN,99
entity_153,attribute,entity_152,OC-MYSQL,PRODUCTCODE,PRODUCTS,VARCHAR2,PRIMARY KEY,PRODUCTCODE PRODUCTS VARCHAR2 PRIMARY KEY,True,0.00020397385,2.2928436e-05,0.000179252,0,1,0,1,False,FN,99
entity_154,attribute,entity_152,OC-MYSQL,PRODUCTNAME,PRODUCTS,VARCHAR2,,PRODUCTNAME PRODUCTS VARCHAR2,True,8.4359875e-05,9.166779e-06,4.1264677e-05,0,1,0,1,False,FN,99
entity_155,attribute,entity_152,OC-MYSQL,PRODUCTLINE,PRODUCTS,VARCHAR2,FOREIGN KEY,PRODUCTLINE PRODUCTS VARCHAR2 FOREIGN KEY,True,0.00022423193,1.25784245e-05,0.00020562671,0,1,0,1,False,FN,99
entity_156,attribute,entity_152,OC-MYSQL,PRODUCTSCALE,PRODUCTS,VARCHAR2,,PRODUCTSCALE PRODUCTS VARCHAR2,False,0.00046393918,1.0023049e-06,0.00037408006,0,1,0,1,False,TN,99
entity_157,attribute,entity_152,OC-MYSQL,PRODUCTVENDOR,PRODUCTS,VARCHAR2,,PRODUCTVENDOR PRODUCTS VARCHAR2,False,0.000258605,6.8429677e-06,0.00022349639,0,1,0,1,False,TN,99
entity_158,attribute,entity_152,OC-MYSQL,PRODUCTDESCRIPTION,PRODUCTS,VARCHAR2,,PRODUCTDESCRIPTION PRODUCTS VARCHAR2,True,0.0003150699,7.690235e-06,4.0225004e-05,0,1,0,1,False,FN,99
entity_159,attribute,entity_152,OC-MYSQL,QUANTITYINSTOCK,PRODUCTS,NUMBER,,QUANTITYINSTOCK PRODUCTS NUMBER,True,0.00034814715,1.6219082e-06,0.00036938328,0,1,0,1,False,FN,99
entity_160,attribute,entity_152,OC-MYSQL,BUYPRICE,PRODUCTS,FLOAT,,BUYPRICE PRODUCTS FLOAT,True,0.0005543759,4.0385217e-07,0.0005421457,0,1,0,1,False,FN,99
entity_161,attribute,entity_152,OC-MYSQL,MSRP,PRODUCTS,FLOAT,,MSRP PRODUCTS FLOAT,False,0.0006686358,3.488221e-07,0.0006223568,0,1,0,1,False,TN,99
entity_163,table,entity_162,OC-SAP,CUSTOMER,,,,"CUSTOMER [CUSTOMERID, CITYID, COUNTRYID, REGIONID, CUSTOMER, CITYNAME, COUNTRYNAME, REGIONNAME]",True,0.00041176655,0.00023024254,1.0393443e-06,0,0,1,1,False,FN,99
entity_164,attribute,entity_163,OC-SAP,CUSTOMERID,CUSTOMER,NUMBER,PRIMARY KEY,CUSTOMERID CUSTOMER NUMBER PRIMARY KEY,True,0.00012389736,0.000100196914,1.64709e-05,0,0,1,1,False,FN,99
entity_165,attribute,entity_163,OC-SAP,CITYID,CUSTOMER,NUMBER,FOREIGN KEY,CITYID CUSTOMER NUMBER FOREIGN KEY,False,0.00040666296,0.00017936785,6.6816665e-06,0,0,1,1,False,TN,99
entity_166,attribute,entity_163,OC-SAP,COUNTRYID,CUSTOMER,NUMBER,FOREIGN KEY,COUNTRYID CUSTOMER NUMBER FOREIGN KEY,False,0.00041442923,0.0001511569,6.615086e-06,0,0,1,1,False,TN,99
entity_167,attribute,entity_163,OC-SAP,REGIONID,CUSTOMER,NUMBER,FOREIGN KEY,REGIONID CUSTOMER NUMBER FOREIGN KEY,False,0.0004832806,0.0003179355,1.1484107e-05,0,0,1,1,False,TN,99
entity_168,attribute,entity_163,OC-SAP,CUSTOMER,CUSTOMER,VARCHAR2,,CUSTOMER CUSTOMER VARCHAR2,True,0.00020883488,0.00012918808,8.6096115e-06,0,0,1,1,False,FN,99
entity_169,attribute,entity_163,OC-SAP,CITYNAME,CUSTOMER,VARCHAR2,,CITYNAME CUSTOMER VARCHAR2,True,0.00044131314,0.0001261049,7.0629176e-06,0,0,1,1,False,FN,99
entity_170,attribute,entity_163,OC-SAP,COUNTRYNAME,CUSTOMER,VARCHAR2,,COUNTRYNAME CUSTOMER VARCHAR2,True,0.00044852626,7.512015e-05,7.777676e-06,0,0,1,1,False,FN,99
entity_171,attribute,entity_163,OC-SAP,REGIONNAME,CUSTOMER,VARCHAR2,,REGIONNAME CUSTOMER VARCHAR2,False,0.0004888826,0.0002593406,1.2499455e-05,0,0,1,1,False,TN,99
entity_172,table,entity_162,OC-SAP,PRODUCT,,,,"PRODUCT [PRODUCTID, CATEGORYID, LINEID, PRODUCTNAME, PRODUCTDESCRIPTION, CATEGORYNAME, CATEGORYDESCRIPTION, LINENAME, LINEDESCRIPTION, DISCONTINUED, CAPACITY, SCREENSIZE]",True,0.0003765996,0.00020368071,7.566934e-07,0,0,1,1,False,FN,99
entity_173,attribute,entity_172,OC-SAP,PRODUCTID,PRODUCT,NUMBER,PRIMARY KEY,PRODUCTID PRODUCT NUMBER PRIMARY KEY,True,0.00012884963,0.00015535664,9.091275e-06,0,0,1,1,False,FN,99
entity_174,attribute,entity_172,OC-SAP,CATEGORYID,PRODUCT,NUMBER,FOREIGN KEY,CATEGORYID PRODUCT NUMBER FOREIGN KEY,False,0.000388018,0.00036700396,1.1644125e-05,0,0,1,1,False,TN,99
entity_175,attribute,entity_172,OC-SAP,LINEID,PRODUCT,NUMBER,FOREIGN KEY,LINEID PRODUCT NUMBER FOREIGN KEY,True,0.00021881162,0.00023686637,2.0303378e-06,0,0,1,1,False,FN,99
entity_176,attribute,entity_172,OC-SAP,PRODUCTNAME,PRODUCT,VARCHAR2,,PRODUCTNAME PRODUCT VARCHAR2,True,0.000113159535,4.6209272e-05,6.526722e-06,0,0,1,1,False,FN,99
entity_177,attribute,entity_172,OC-SAP,PRODUCTDESCRIPTION,PRODUCT,VARCHAR2,,PRODUCTDESCRIPTION PRODUCT VARCHAR2,True,0.00034705002,4.905183e-05,6.0825137e-06,0,0,1,1,False,FN,99
entity_178,attribute,entity_172,OC-SAP,CATEGORYNAME,PRODUCT,VARCHAR2,,CATEGORYNAME PRODUCT VARCHAR2,False,0.00036151812,0.0003147626,6.7063024e-06,0,0,1,1,False,TN,99
entity_179,attribute,entity_172,OC-SAP,CATEGORYDESCRIPTION,PRODUCT,VARCHAR2,,CATEGORYDESCRIPTION PRODUCT VARCHAR2,False,0.000532702,0.00028397454,1.0731851e-05,0,0,1,1,False,TN,99
entity_180,attribute,entity_172,OC-SAP,LINENAME,PRODUCT,VARCHAR2,,LINENAME PRODUCT VARCHAR2,True,0.00034460574,0.0002551369,3.5302523e-07,0,0,1,1,False,FN,99
entity_181,attribute,entity_172,OC-SAP,LINEDESCRIPTION,PRODUCT,VARCHAR2,,LINEDESCRIPTION PRODUCT VARCHAR2,True,0.00051792146,0.0002568449,1.0836932e-06,0,0,1,1,False,FN,99
entity_182,attribute,entity_172,OC-SAP,DISCONTINUED,PRODUCT,NUMBER,,DISCONTINUED PRODUCT NUMBER,False,0.0008245379,0.00063260435,9.388543e-08,0,0,1,1,False,TN,99
entity_183,attribute,entity_172,OC-SAP,CAPACITY,PRODUCT,VARCHAR2,,CAPACITY PRODUCT VARCHAR2,True,0.0004815664,0.0004005921,1.6551518e-06,0,0,1,1,False,FN,99
entity_184,attribute,entity_172,OC-SAP,SCREENSIZE,PRODUCT,VARCHAR2,,SCREENSIZE PRODUCT VARCHAR2,False,0.00071952754,0.0005026047,6.491597e-08,0,0,1,1,False,TN,99
entity_185,table,entity_162,OC-SAP,CUSTOMER_ORDER,,,,"CUSTOMER_ORDER [ORDERID, PRODUCTID, CUSTOMERID, EMPLOYEEID, PROMOTIONID, TERRITORYID, ORDERPERIODID, REQUIREDPERIODID, SHIPPEDPERIODID, SHIPPERID, UNITPRICE, QUANTITY, DISCOUNT, UNITSALES, NETSALES, UNITCOST, FREIGHT, COST, QUANTITYORDERED, DELIVEREDPERIODID]",True,0.00025670338,0.00022468569,1.9762722e-06,0,0,1,1,False,FN,99
entity_186,attribute,entity_185,OC-SAP,ORDERID,CUSTOMER_ORDER,NUMBER,PRIMARY KEY,ORDERID CUSTOMER_ORDER NUMBER PRIMARY KEY,True,0.00010563468,0.00013655085,1.0153929e-05,0,0,1,1,False,FN,99
entity_187,attribute,entity_185,OC-SAP,PRODUCTID,CUSTOMER_ORDER,NUMBER,FOREIGN KEY,PRODUCTID CUSTOMER_ORDER NUMBER FOREIGN KEY,False,9.6369804e-05,0.00015871345,8.461998e-06,0,0,1,1,False,TN,99
entity_188,attribute,entity_185,OC-SAP,CUSTOMERID,CUSTOMER_ORDER,NUMBER,FOREIGN KEY,CUSTOMERID CUSTOMER_ORDER NUMBER FOREIGN KEY,True,7.2990464e-05,0.00011855695,1.7259112e-05,0,0,1,1,False,FN,99
entity_189,attribute,entity_185,OC-SAP,EMPLOYEEID,CUSTOMER_ORDER,NUMBER,FOREIGN KEY,EMPLOYEEID CUSTOMER_ORDER NUMBER FOREIGN KEY,False,0.0002958769,0.0001409794,1.575411e-07,0,0,1,1,False,TN,99
entity_190,attribute,entity_185,OC-SAP,PROMOTIONID,CUSTOMER_ORDER,NUMBER,FOREIGN KEY,PROMOTIONID CUSTOMER_ORDER NUMBER FOREIGN KEY,False,0.0004300182,0.0003744803,3.5210397e-07,0,0,1,1,False,TN,99
entity_191,attribute,entity_185,OC-SAP,TERRITORYID,CUSTOMER_ORDER,FLOAT,FOREIGN KEY,TERRITORYID CUSTOMER_ORDER FLOAT FOREIGN KEY,False,0.0003710231,0.0002218673,1.3385842e-07,0,0,1,1,False,TN,99
entity_192,attribute,entity_185,OC-SAP,ORDERPERIODID,CUSTOMER_ORDER,NUMBER,FOREIGN KEY,ORDERPERIODID CUSTOMER_ORDER NUMBER FOREIGN KEY,False,0.00012717782,0.00017334746,2.7774424e-05,0,0,0,0,False,TN,99
entity_193,attribute,entity_185,OC-SAP,REQUIREDPERIODID,CUSTOMER_ORDER,NUMBER,FOREIGN KEY,REQUIREDPERIODID CUSTOMER_ORDER NUMBER FOREIGN KEY,False,0.0003508851,0.00024382048,1.3371899e-06,0,0,1,1,False,TN,99
entity_194,attribute,entity_185,OC-SAP,SHIPPEDPERIODID,CUSTOMER_ORDER,NUMBER,FOREIGN KEY,SHIPPEDPERIODID CUSTOMER_ORDER NUMBER FOREIGN KEY,False,0.00019920313,0.00023994067,2.1820311e-05,0,0,1,1,False,TN,99
entity_195,attribute,entity_185,OC-SAP,SHIPPERID,CUSTOMER_ORDER,FLOAT,FOREIGN KEY,SHIPPERID CUSTOMER_ORDER FLOAT FOREIGN KEY,False,0.00019745134,0.00031895805,3.8719795e-06,0,0,1,1,False,TN,99
entity_196,attribute,entity_185,OC-SAP,UNITPRICE,CUSTOMER_ORDER,NUMBER,,UNITPRICE CUSTOMER_ORDER NUMBER,False,0.00028134248,0.00040893062,6.6661346e-06,0,0,1,1,False,TN,99
entity_197,attribute,entity_185,OC-SAP,QUANTITY,CUSTOMER_ORDER,NUMBER,,QUANTITY CUSTOMER_ORDER NUMBER,False,0.00012722838,0.00021620218,2.7627548e-05,0,0,1,1,False,TN,99
entity_198,attribute,entity_185,OC-SAP,DISCOUNT,CUSTOMER_ORDER,NUMBER,,DISCOUNT CUSTOMER_ORDER NUMBER,False,0.00055046426,0.000500272,3.9181785e-07,0,0,1,1,False,TN,99
entity_199,attribute,entity_185,OC-SAP,UNITSALES,CUSTOMER_ORDER,NUMBER,,UNITSALES CUSTOMER_ORDER NUMBER,False,0.0002885316,0.0003612259,2.9488358e-06,0,0,1,1,False,TN,99
entity_200,attribute,entity_185,OC-SAP,NETSALES,CUSTOMER_ORDER,FLOAT,,NETSALES CUSTOMER_ORDER FLOAT,False,0.00040322277,0.00035758913,2.2544589e-07,0,0,1,1,False,TN,99
entity_201,attribute,entity_185,OC-SAP,UNITCOST,CUSTOMER_ORDER,NUMBER,,UNITCOST CUSTOMER_ORDER NUMBER,True,0.0003483536,0.00043080436,5.131147e-06,0,0,1,1,False,FN,99
entity_202,attribute,entity_185,OC-SAP,FREIGHT,CUSTOMER_ORDER,FLOAT,,FREIGHT CUSTOMER_ORDER FLOAT,False,0.00044315678,0.00041197496,2.2669975e-07,0,0,1,1,False,TN,99
entity_203,attribute,entity_185,OC-SAP,COST,CUSTOMER_ORDER,NUMBER,,COST CUSTOMER_ORDER NUMBER,False,0.00052153616,0.00047009112,8.943014e-07,0,0,1,1,False,TN,99
entity_204,attribute,entity_185,OC-SAP,QUANTITYORDERED,CUSTOMER_ORDER,NUMBER,,QUANTITYORDERED CUSTOMER_ORDER NUMBER,True,0.00022055775,0.00020648842,2.0537393e-05,0,0,1,1,False,FN,99
entity_205,attribute,entity_185,OC-SAP,DELIVEREDPERIODID,CUSTOMER_ORDER,NUMBER,FOREIGN KEY,DELIVEREDPERIODID CUSTOMER_ORDER NUMBER FOREIGN KEY,False,0.00020508254,0.0002637237,1.8737674e-05,0,0,1,1,False,TN,99
entity_44,table,entity_43,OC-ORACLE,CUSTOMERS,,,,"CUSTOMERS [CUSTOMER_ID, EMAIL_ADDRESS, FULL_NAME]",True,9.865257e-06,0.00038772868,0.00043369143,1,0,0,1,False,FN,98
entity_45,attribute,entity_44,OC-ORACLE,CUSTOMER_ID,CUSTOMERS,NUMBER,PRIMARY KEY,CUSTOMER_ID CUSTOMERS NUMBER PRIMARY KEY,True,2.136152e-05,0.0001749242,0.00014784948,1,0,0,1,False,FN,98
entity_46,attribute,entity_44,OC-ORACLE,EMAIL_ADDRESS,CUSTOMERS,VARCHAR2,,EMAIL_ADDRESS CUSTOMERS VARCHAR2,True,2.9376208e-06,0.00021557901,0.00046272168,1,0,0,1,False,FN,98
entity_47,attribute,entity_44,OC-ORACLE,FULL_NAME,CUSTOMERS,VARCHAR2,,FULL_NAME CUSTOMERS VARCHAR2,True,4.2402985e-06,0.00026886413,0.0003929082,1,0,0,1,False,FN,98
entity_48,table,entity_43,OC-ORACLE,INVENTORY,,,,"INVENTORY [INVENTORY_ID, STORE_ID, PRODUCT_ID, PRODUCT_INVENTORY]",True,3.1180247e-05,0.0005355312,0.0005862779,1,0,0,1,False,FN,98
entity_49,attribute,entity_48,OC-ORACLE,INVENTORY_ID,INVENTORY,NUMBER,PRIMARY KEY,INVENTORY_ID INVENTORY NUMBER PRIMARY KEY,False,1.089216e-05,0.00038420138,0.00043812042,1,0,0,1,False,TN,98
entity_50,attribute,entity_48,OC-ORACLE,STORE_ID,INVENTORY,NUMBER,FOREIGN KEY,STORE_ID INVENTORY NUMBER FOREIGN KEY,False,1.3269911e-05,0.00054422184,0.0005242094,1,0,0,1,False,TN,98
entity_51,attribute,entity_48,OC-ORACLE,PRODUCT_ID,INVENTORY,NUMBER,FOREIGN KEY,PRODUCT_ID INVENTORY NUMBER FOREIGN KEY,True,1.6822263e-05,0.0003044909,0.00029509966,1,0,0,1,False,FN,98
entity_52,attribute,entity_48,OC-ORACLE,PRODUCT_INVENTORY,INVENTORY,NUMBER,,PRODUCT_INVENTORY INVENTORY NUMBER,True,1.640196e-05,0.00036874102,0.00039768254,1,0,0,1,False,FN,98
entity_53,table,entity_43,OC-ORACLE,ORDER_ITEMS,,,,"ORDER_ITEMS [ORDER_ID, LINE_ITEM_ID, PRODUCT_ID, UNIT_PRICE, QUANTITY, SHIPMENT_ID]",True,3.0003894e-05,0.0003692674,0.00033990192,1,0,0,1,False,FN,98
entity_54,attribute,entity_53,OC-ORACLE,ORDER_ID,ORDER_ITEMS,NUMBER,PRIMARY KEY,ORDER_ID ORDER_ITEMS NUMBER PRIMARY KEY,True,2.1093581e-05,0.00026908718,0.00029000363,1,0,0,1,False,FN,98
entity_55,attribute,entity_53,OC-ORACLE,LINE_ITEM_ID,ORDER_ITEMS,NUMBER,PRIMARY KEY,LINE_ITEM_ID ORDER_ITEMS NUMBER PRIMARY KEY,True,1.7462686e-05,0.00034670785,0.0003215935,1,0,0,1,False,FN,98
entity_56,attribute,entity_53,OC-ORACLE,PRODUCT_ID,ORDER_ITEMS,NUMBER,FOREIGN KEY,PRODUCT_ID ORDER_ITEMS NUMBER FOREIGN KEY,True,1.8483048e-05,0.00027099758,0.00019699032,1,0,0,1,False,FN,98
entity_57,attribute,entity_53,OC-ORACLE,UNIT_PRICE,ORDER_ITEMS,FLOAT,,UNIT_PRICE ORDER_ITEMS FLOAT,True,2.4322304e-05,0.00040264762,0.0004403953,1,0,0,1,False,FN,98
entity_58,attribute,entity_53,OC-ORACLE,QUANTITY,ORDER_ITEMS,NUMBER,,QUANTITY ORDER_ITEMS NUMBER,True,9.589544e-06,0.00030513937,0.00030469123,1,0,0,1,False,FN,98
entity_59,attribute,entity_53,OC-ORACLE,SHIPMENT_ID,ORDER_ITEMS,FLOAT,FOREIGN KEY,SHIPMENT_ID ORDER_ITEMS FLOAT FOREIGN KEY,False,1.50666465e-05,0.00043784268,0.00034263087,1,0,0,1,False,TN,98
entity_60,table,entity_43,OC-ORACLE,ORDERS,,,,"ORDERS [ORDER_ID, ORDER_DATETIME, CUSTOMER_ID, ORDER_STATUS, STORE_ID]",True,5.101551e-05,0.00028188017,0.00040345147,1,0,0,1,False,FN,98
entity_61,attribute,entity_60,OC-ORACLE,ORDER_ID,ORDERS,NUMBER,PRIMARY KEY,ORDER_ID ORDERS NUMBER PRIMARY KEY,True,1.8788347e-05,0.0001404696,0.0002009757,1,0,0,1,False,FN,98
entity_62,attribute,entity_60,OC-ORACLE,ORDER_DATETIME,ORDERS,DATE,,ORDER_DATETIME ORDERS DATE,True,6.780219e-06,0.00031865112,0.00087515917,1,0,0,1,False,FN,98
entity_63,attribute,entity_60,OC-ORACLE,CUSTOMER_ID,ORDERS,NUMBER,FOREIGN KEY,CUSTOMER_ID ORDERS NUMBER FOREIGN KEY,True,1.8776214e-05,0.00013013235,7.3979245e-05,1,0,0,1,False,FN,98
entity_64,attribute,entity_60,OC-ORACLE,ORDER_STATUS,ORDERS,VARCHAR2,,ORDER_STATUS ORDERS VARCHAR2,True,1.593797e-05,0.00013146993,0.0005126235,1,0,0,1,False,FN,98
entity_65,attribute,entity_60,OC-ORACLE,STORE_ID,ORDERS,NUMBER,FOREIGN KEY,STORE_ID ORDERS NUMBER FOREIGN KEY,False,2.2925686e-05,0.0003872014,0.00039761397,1,0,0,1,False,TN,98
entity_66,table,entity_43,OC-ORACLE,PRODUCTS,,,,"PRODUCTS [PRODUCT_ID, PRODUCT_NAME, UNIT_PRICE, PRODUCT_DETAILS, PRODUCT_IMAGE, IMAGE_MIME_TYPE, IMAGE_FILENAME, IMAGE_CHARSET, IMAGE_LAST_UPDATED]",True,1.9795281e-05,0.00035535227,0.00048460302,1,0,0,1,False,FN,98
entity_67,attribute,entity_66,OC-ORACLE,PRODUCT_ID,PRODUCTS,NUMBER,PRIMARY KEY,PRODUCT_ID PRODUCTS NUMBER PRIMARY KEY,True,2.0573949e-05,0.00019565353,0.00012966042,1,0,0,1,False,FN,98
entity_68,attribute,entity_66,OC-ORACLE,PRODUCT_NAME,PRODUCTS,VARCHAR2,,PRODUCT_NAME PRODUCTS VARCHAR2,True,1.7716338e-05,8.6613196e-05,0.00010790735,1,0,0,1,False,FN,98
entity_69,attribute,entity_66,OC-ORACLE,UNIT_PRICE,PRODUCTS,FLOAT,,UNIT_PRICE PRODUCTS FLOAT,True,1.8753986e-05,0.0004376447,0.0004432175,1,0,0,1,False,FN,98
entity_70,attribute,entity_66,OC-ORACLE,PRODUCT_DETAILS,PRODUCTS,BLOB,,PRODUCT_DETAILS PRODUCTS BLOB,True,4.602862e-06,0.000573217,0.0008103796,1,0,0,1,False,FN,98
entity_71,attribute,entity_66,OC-ORACLE,PRODUCT_IMAGE,PRODUCTS,BLOB,,PRODUCT_IMAGE PRODUCTS BLOB,True,5.2396383e-05,0.000410647,0.0010153003,0,0,0,0,False,FN,98
entity_72,attribute,entity_66,OC-ORACLE,IMAGE_MIME_TYPE,PRODUCTS,BLOB,,IMAGE_MIME_TYPE PRODUCTS BLOB,False,1.4077654e-05,0.0006084901,0.0012297913,1,0,0,1,False,TN,98
entity_73,attribute,entity_66,OC-ORACLE,IMAGE_FILENAME,PRODUCTS,BLOB,,IMAGE_FILENAME PRODUCTS BLOB,False,1.891835e-05,0.0004961873,0.000951898,1,0,0,1,False,TN,98
entity_74,attribute,entity_66,OC-ORACLE,IMAGE_CHARSET,PRODUCTS,BLOB,,IMAGE_CHARSET PRODUCTS BLOB,False,1.6061187e-05,0.00063439045,0.0012377286,1,0,0,1,False,TN,98
entity_75,attribute,entity_66,OC-ORACLE,IMAGE_LAST_UPDATED,PRODUCTS,DATE,,IMAGE_LAST_UPDATED PRODUCTS DATE,False,1.5631676e-05,0.00064791425,0.0011997725,1,0,0,1,False,TN,98
entity_76,table,entity_43,OC-ORACLE,SHIPMENTS,,,,"SHIPMENTS [SHIPMENT_ID, STORE_ID, CUSTOMER_ID, DELIVERY_ADDRESS, SHIPMENT_STATUS]",True,3.3577795e-05,0.0005184813,0.00045874203,1,0,0,1,False,FN,98
entity_77,attribute,entity_76,OC-ORACLE,SHIPMENT_ID,SHIPMENTS,NUMBER,PRIMARY KEY,SHIPMENT_ID SHIPMENTS NUMBER PRIMARY KEY,False,1.5653666e-05,0.00043659462,0.00037703928,1,0,0,1,False,TN,98
entity_78,attribute,entity_76,OC-ORACLE,STORE_ID,SHIPMENTS,NUMBER,FOREIGN KEY,STORE_ID SHIPMENTS NUMBER FOREIGN KEY,False,1.8311663e-05,0.00050875725,0.00040752336,1,0,0,1,False,TN,98
entity_79,attribute,entity_76,OC-ORACLE,CUSTOMER_ID,SHIPMENTS,NUMBER,FOREIGN KEY,CUSTOMER_ID SHIPMENTS NUMBER FOREIGN KEY,True,1.5260579e-05,0.00027811222,0.00017753633,1,0,0,1,False,FN,98
entity_80,attribute,entity_76,OC-ORACLE,DELIVERY_ADDRESS,SHIPMENTS,VARCHAR2,,DELIVERY_ADDRESS SHIPMENTS VARCHAR2,True,8.417861e-06,0.0003408637,0.0004297603,1,0,0,1,False,FN,98
entity_81,attribute,entity_76,OC-ORACLE,SHIPMENT_STATUS,SHIPMENTS,VARCHAR2,,SHIPMENT_STATUS SHIPMENTS VARCHAR2,False,2.1515121e-05,0.00038703313,0.0005896534,1,0,0,1,False,TN,98
entity_82,table,entity_43,OC-ORACLE,STORES,,,,"STORES [STORE_ID, STORE_NAME, WEB_ADDRESS, PHYSICAL_ADDRESS, LATITUDE, LONGITUDE, LOGO, LOGO_MIME_TYPE, LOGO_FILENAME, LOGO_CHARSET, LOGO_LAST_UPDATED]",False,1.4618875e-05,0.00066465494,0.0007588922,1,0,0,1,False,TN,98
entity_83,attribute,entity_82,OC-ORACLE,STORE_ID,STORES,NUMBER,PRIMARY KEY,STORE_ID STORES NUMBER PRIMARY KEY,False,3.2302818e-05,0.00061888195,0.00059932895,1,0,0,1,False,TN,98
entity_84,attribute,entity_82,OC-ORACLE,STORE_NAME,STORES,VARCHAR2,,STORE_NAME STORES VARCHAR2,False,2.894195e-05,0.00059180544,0.00063484773,1,0,0,1,False,TN,98
entity_85,attribute,entity_82,OC-ORACLE,WEB_ADDRESS,STORES,VARCHAR2,,WEB_ADDRESS STORES VARCHAR2,False,2.2093088e-06,0.00055324915,0.00076489244,1,0,0,1,False,TN,98
entity_86,attribute,entity_82,OC-ORACLE,PHYSICAL_ADDRESS,STORES,VARCHAR2,,PHYSICAL_ADDRESS STORES VARCHAR2,False,1.6209664e-06,0.0006118959,0.0006828061,1,0,0,1,False,TN,98
entity_87,attribute,entity_82,OC-ORACLE,LATITUDE,STORES,FLOAT,,LATITUDE STORES FLOAT,False,7.429667e-06,0.0007960615,0.0009177735,1,0,0,1,False,TN,98
entity_88,attribute,entity_82,OC-ORACLE,LONGITUDE,STORES,FLOAT,,LONGITUDE STORES FLOAT,False,1.0788572e-05,0.0008560717,0.00092709454,1,0,0,1,False,TN,98
entity_89,attribute,entity_82,OC-ORACLE,LOGO,STORES,BLOB,,LOGO STORES BLOB,False,2.9078662e-06,0.000805035,0.001479406,1,0,0,1,False,TN,98
entity_90,attribute,entity_82,OC-ORACLE,LOGO_MIME_TYPE,STORES,VARCHAR2,,LOGO_MIME_TYPE STORES VARCHAR2,False,1.2623762e-05,0.0008700704,0.0011076981,1,0,0,1,False,TN,98
entity_91,attribute,entity_82,OC-ORACLE,LOGO_FILENAME,STORES,VARCHAR2,,LOGO_FILENAME STORES VARCHAR2,False,1.4737322e-05,0.0008186377,0.00090755225,1,0,0,1,False,TN,98
entity_92,attribute,entity_82,OC-ORACLE,LOGO_CHARSET,STORES,VARCHAR2,,LOGO_CHARSET STORES VARCHAR2,False,2.2285012e-05,0.0009265307,0.0010274235,1,0,0,1,False,TN,98
entity_93,attribute,entity_82,OC-ORACLE,LOGO_LAST_UPDATED,STORES,DATE,,LOGO_LAST_UPDATED STORES DATE,False,2.0072663e-05,0.00077128405,0.0012392375,1,0,0,1,False,TN,98
entity_95,table,entity_94,OC-MYSQL,CUSTOMERS,,,,"CUSTOMERS [CUSTOMERNUMBER, CUSTOMERNAME, CONTACTLASTNAME, CONTACTFIRSTNAME, PHONE, ADDRESSLINE1, ADDRESSLINE2, CITY, STATE, POSTALCODE, COUNTRY, SALESREPEMPLOYEENUMBER, CREDITLIMIT]",True,0.00042161834,3.10097e-05,0.00030179325,0,1,0,1,False,FN,98
entity_96,attribute,entity_95,OC-MYSQL,CUSTOMERNUMBER,CUSTOMERS,NUMBER,PRIMARY KEY,CUSTOMERNUMBER CUSTOMERS NUMBER PRIMARY KEY,True,0.00013037505,2.4761865e-05,0.000115726485,0,1,0,1,False,FN,98
entity_97,attribute,entity_95,OC-MYSQL,CUSTOMERNAME,CUSTOMERS,VARCHAR2,,CUSTOMERNAME CUSTOMERS VARCHAR2,True,0.00015492803,2.6812575e-05,0.00014438095,0,1,0,1,False,FN,98
entity_98,attribute,entity_95,OC-MYSQL,CONTACTLASTNAME,CUSTOMERS,VARCHAR2,,CONTACTLASTNAME CUSTOMERS VARCHAR2,True,0.00039340882,7.0657065e-06,0.0005259163,0,1,0,1,False,FN,98
entity_99,attribute,entity_95,OC-MYSQL,CONTACTFIRSTNAME,CUSTOMERS,VARCHAR2,,CONTACTFIRSTNAME CUSTOMERS VARCHAR2,True,0.00036988713,1.1065393e-05,0.00044466797,0,1,0,1,False,FN,98
entity_100,attribute,entity_95,OC-MYSQL,PHONE,CUSTOMERS,VARCHAR2,,PHONE CUSTOMERS VARCHAR2,True,0.0004983317,1.7507433e-05,0.00044308495,0,1,0,1,False,FN,98
entity_101,attribute,entity_95,OC-MYSQL,ADDRESSLINE1,CUSTOMERS,VARCHAR2,,ADDRESSLINE1 CUSTOMERS VARCHAR2,True,0.0003916376,2.2298284e-05,0.0004314914,0,1,0,1,False,FN,98
entity_102,attribute,entity_95,OC-MYSQL,ADDRESSLINE2,CUSTOMERS,VARCHAR2,,ADDRESSLINE2 CUSTOMERS VARCHAR2,True,0.00034216174,2.994237e-05,0.0003842845,0,1,0,1,False,FN,98
entity_103,attribute,entity_95,OC-MYSQL,CITY,CUSTOMERS,VARCHAR2,,CITY CUSTOMERS VARCHAR2,True,0.00048673074,1.1691064e-05,0.00014389757,0,1,0,1,False,FN,98
entity_104,attribute,entity_95,OC-MYSQL,STATE,CUSTOMERS,VARCHAR2,,STATE CUSTOMERS VARCHAR2,True,0.00034102393,2.005473e-05,0.00031116977,0,1,0,1,False,FN,98
entity_105,attribute,entity_95,OC-MYSQL,POSTALCODE,CUSTOMERS,VARCHAR2,,POSTALCODE CUSTOMERS VARCHAR2,True,0.0003594889,8.875456e-06,0.00039970293,0,1,0,1,False,FN,98
